difficulty = 1.0
effect_volume = 0.10000001639127731
global_volume = 0.10000001639127731
luminosity = 1.0
mode = "dark"
music_volume = 0.10000001639127731
