---
colors:
    base03: [ 0., 0.16862746, 0.21176471, 1. ]
    base02: [ 0.02745098, 0.21176471, 0.25882354, 1. ]
    base01: [ 0.34509805, 0.43137255, 0.45882353, 1. ]
    base00: [ 0.39607844, 0.48235294, 0.5137255, 1. ]
    base0: [ 0.5137255, 0.5803922, 0.5882353, 1. ]
    base1: [ 0.5764706, 0.6313726, 0.6313726, 1. ]
    base2: [ 0.93333334, 0.9098039, 0.8352941, 1. ]
    base3: [ 0.99215686, 0.9647059, 0.8901961, 1. ]
    yellow: [ 0.70980394, 0.5372549, 0., 1. ]
    orange: [ 0.79607844, 0.29411766, 0.08627451, 1. ]
    red: [ 0.8627451, 0.19607843, 0.18431373, 1. ]
    magenta: [ 0.827451, 0.21176471, 0.50980395, 1. ]
    violet: [ 0.42352942, 0.44313726, 0.76862746, 1. ]
    blue: [ 0.14901961, 0.54509807, 0.8235294, 1. ]
    cyan: [ 0.16470589, 0.6313726, 0.59607846, 1. ]
    green: [ 0.52156866, 0.6, 0., 1. ]
mode: dark
luminosity: 0.5
circle_precision: 32
font_file: assets/DejaVuSansMono-Bold.ttf
font_precision: 24
font_ratio: 1.5
...
